00111001111110011111100111111001111110011111100111111001111110011111100111111001 
11101110111110011111100111111001111110011111100111111001111110011111100111111001 
01000010111110011111100111111001111110011111100111111001111110011111100111111001 
11000110111110011111100111111001111110011111100111111001111110011111100111111001 
10011001111110011111100111111001111110011111100111111001111110011111100111111001 
11000110111110011111100111111001111110011111100111111001111110011111100111111001 
11000110111110011111100111111001111110011111100111111001111110011111100111111001 
01101110111110011111100111111001111110011111100111111001111110011111100111111001 
11101001111110011111100111111001111110011111100111111001111110011111100111111001 
10100110111110011111100111111001111110011111100111111001111110011111100111111001 
00111001111110011111100111111001111110011111100111111001111110011111100111111001 
00011001111110011111100111111001111110011111100111111001111110011111100111111001 
11001001111110011111100111111001111110011111100111111001111110011111100111111001 
11001001111110011111100111111001111110011111100111111001111110011111100111111001 
00101001111110011111100111111001111110011111100111111001111110011111100111111001 
01001110111110011111100111111001111110011111100111111001111110011111100111111001 
10100010111110011111100111111001111110011111100111111001111110011111100111111001 
10000110111110011111100111111001111110011111100111111001111110011111100111111001 
11111001111110011111100111111001111110011111100111111001111110011111100111111001 
11101001111110011111100111111001111110011111100111111001111110011111100111111001 
01001110111110011111100111111001111110011111100111111001111110011111100111111001 
00111001111110011111100111111001111110011111100111111001111110011111100111111001 
00100010111110011111100111111001111110011111100111111001111110011111100111111001 
00000110111110011111100111111001111110011111100111111001111110011111100111111001 
01000010111110011111100111111001111110011111100111111001111110011111100111111001 
00111001111110011111100111111001111110011111100111111001111110011111100111111001 
01000010111110011111100111111001111110011111100111111001111110011111100111111001 
11101110111110011111100111111001111110011111100111111001111110011111100111111001 
00101001111110011111100111111001111110011111100111111001111110011111100111111001 
00000110111110011111100111111001111110011111100111111001111110011111100111111001 
00111001111110011111100111111001111110011111100111111001111110011111100111111001 
01000110111110011111100111111001111110011111100111111001111110011111100111111001 
11111001111110011111100111111001111110011111100111111001111110011111100111111001 
11101001111110011111100111111001111110011111100111111001111110011111100111111001 
11100110111110011111100111111001111110011111100111111001111110011111100111111001 
00100110111110011111100111111001111110011111100111111001111110011111100111111001 
10100110111110011111100111111001111110011111100111111001111110011111100111111001 
11100010111110011111100111111001111110011111100111111001111110011111100111111001 
00100010111110011111100111111001111110011111100111111001111110011111100111111001 
10100010111110011111100111111001111110011111100111111001111110011111100111111001 
10100010111110011111100111111001111110011111100111111001111110011111100111111001 
00111001111110011111100111111001111110011111100111111001111110011111100111111001 
00111001111110011111100111111001111110011111100111111001111110011111100111111001 
00000110111110011111100111111001111110011111100111111001111110011111100111111001 
11101001111110011111100111111001111110011111100111111001111110011111100111111001 
10000010111110011111100111111001111110011111100111111001111110011111100111111001 
11000110111110011111100111111001111110011111100111111001111110011111100111111001 
01001110111110011111100111111001111110011111100111111001111110011111100111111001 
00011001111110011111100111111001111110011111100111111001111110011111100111111001 
00100010111110011111100111111001111110011111100111111001111110011111100111111001 
11000110111110011111100111111001111110011111100111111001111110011111100111111001 
10100010111110011111100111111001111110011111100111111001111110011111100111111001 
00011001111110011111100111111001111110011111100111111001111110011111100111111001 
00101001111110011111100111111001111110011111100111111001111110011111100111111001 
11100010111110011111100111111001111110011111100111111001111110011111100111111001 
01000110111110011111100111111001111110011111100111111001111110011111100111111001 
10011001111110011111100111111001111110011111100111111001111110011111100111111001 
11000010111110011111100111111001111110011111100111111001111110011111100111111001 
10011001111110011111100111111001111110011111100111111001111110011111100111111001 
11101001111110011111100111111001111110011111100111111001111110011111100111111001 
01001110111110011111100111111001111110011111100111111001111110011111100111111001 
11001001111110011111100111111001111110011111100111111001111110011111100111111001 
11100010111110011111100111111001111110011111100111111001111110011111100111111001 
11100110111110011111100111111001111110011111100111111001111110011111100111111001 
00011001111110011111100111111001111110011111100111111001111110011111100111111001 
01000010111110011111100111111001111110011111100111111001111110011111100111111001 
10100010111110011111100111111001111110011111100111111001111110011111100111111001 
10100010111110011111100111111001111110011111100111111001111110011111100111111001 
11000010111110011111100111111001111110011111100111111001111110011111100111111001 
10100110111110011111100111111001111110011111100111111001111110011111100111111001 
00100010111110011111100111111001111110011111100111111001111110011111100111111001 
10000010111110011111100111111001111110011111100111111001111110011111100111111001 
00100010111110011111100111111001111110011111100111111001111110011111100111111001 
00101001111110011111100111111001111110011111100111111001111110011111100111111001 
00100110111110011111100111111001111110011111100111111001111110011111100111111001 
00000010111110011111100111111001111110011111100111111001111110011111100111111001 
11000010111110011111100111111001111110011111100111111001111110011111100111111001 
11100010111110011111100111111001111110011111100111111001111110011111100111111001 
01100010111110011111100111111001111110011111100111111001111110011111100111111001 
11100010111110011111100111111001111110011111100111111001111110011111100111111001 
11100010111110011111100111111001111110011111100111111001111110011111100111111001 
01000110111110011111100111111001111110011111100111111001111110011111100111111001 
11101001111110011111100111111001111110011111100111111001111110011111100111111001 
11111001111110011111100111111001111110011111100111111001111110011111100111111001 
01101110111110011111100111111001111110011111100111111001111110011111100111111001 
01101110111110011111100111111001111110011111100111111001111110011111100111111001 
11101001111110011111100111111001111110011111100111111001111110011111100111111001 
01000110111110011111100111111001111110011111100111111001111110011111100111111001 
00000110111110011111100111111001111110011111100111111001111110011111100111111001 
11111001111110011111100111111001111110011111100111111001111110011111100111111001 
10000010111110011111100111111001111110011111100111111001111110011111100111111001 
10100010111110011111100111111001111110011111100111111001111110011111100111111001 
11111001111110011111100111111001111110011111100111111001111110011111100111111001 
00100110111110011111100111111001111110011111100111111001111110011111100111111001 
10000010111110011111100111111001111110011111100111111001111110011111100111111001 
00100110111110011111100111111001111110011111100111111001111110011111100111111001 
10100010111110011111100111111001111110011111100111111001111110011111100111111001 
01101110111110011111100111111001111110011111100111111001111110011111100111111001 
01100010111110011111100111111001111110011111100111111001111110011111100111111001 
01100110111110011111100111111001111110011111100111111001111110011111100111111001 
00011001111110011111100111111001111110011111100111111001111110011111100111111001 
11001001111110011111100111111001111110011111100111111001111110011111100111111001 
01100110111110011111100111111001111110011111100111111001111110011111100111111001 
00000010111110011111100111111001111110011111100111111001111110011111100111111001 
10000110111110011111100111111001111110011111100111111001111110011111100111111001 
01100010111110011111100111111001111110011111100111111001111110011111100111111001 
00100010111110011111100111111001111110011111100111111001111110011111100111111001 
00100010111110011111100111111001111110011111100111111001111110011111100111111001 
00101001111110011111100111111001111110011111100111111001111110011111100111111001 
01101110111110011111100111111001111110011111100111111001111110011111100111111001 
11101110111110011111100111111001111110011111100111111001111110011111100111111001 
00111001111110011111100111111001111110011111100111111001111110011111100111111001 
01000110111110011111100111111001111110011111100111111001111110011111100111111001 
01000010111110011111100111111001111110011111100111111001111110011111100111111001 
11101001111110011111100111111001111110011111100111111001111110011111100111111001 
00011001111110011111100111111001111110011111100111111001111110011111100111111001 
10100010111110011111100111111001111110011111100111111001111110011111100111111001 
10000010111110011111100111111001111110011111100111111001111110011111100111111001 
10000010111110011111100111111001111110011111100111111001111110011111100111111001 
00111001111110011111100111111001111110011111100111111001111110011111100111111001 
11001110111110011111100111111001111110011111100111111001111110011111100111111001 
01000010111110011111100111111001111110011111100111111001111110011111100111111001 
10100010111110011111100111111001111110011111100111111001111110011111100111111001 
00101001111110011111100111111001111110011111100111111001111110011111100111111001 
00000110111110011111100111111001111110011111100111111001111110011111100111111001 
01000110111110011111100111111001111110011111100111111001111110011111100111111001 
01000110111110011111100111111001111110011111100111111001111110011111100111111001 
11101110111110011111100111111001111110011111100111111001111110011111100111111001 
01001110111110011111100111111001111110011111100111111001111110011111100111111001 
10100110111110011111100111111001111110011111100111111001111110011111100111111001 
11101001111110011111100111111001111110011111100111111001111110011111100111111001 
10100110111110011111100111111001111110011111100111111001111110011111100111111001 
10100010111110011111100111111001111110011111100111111001111110011111100111111001 
01000110111110011111100111111001111110011111100111111001111110011111100111111001 
11001110111110011111100111111001111110011111100111111001111110011111100111111001 
11111001111110011111100111111001111110011111100111111001111110011111100111111001 
01001110111110011111100111111001111110011111100111111001111110011111100111111001 
00101001111110011111100111111001111110011111100111111001111110011111100111111001 
01000010111110011111100111111001111110011111100111111001111110011111100111111001 
00100010111110011111100111111001111110011111100111111001111110011111100111111001 
01100010111110011111100111111001111110011111100111111001111110011111100111111001 
00100110111110011111100111111001111110011111100111111001111110011111100111111001 
11101001111110011111100111111001111110011111100111111001111110011111100111111001 
11000010111110011111100111111001111110011111100111111001111110011111100111111001 
00101001111110011111100111111001111110011111100111111001111110011111100111111001 
00100010111110011111100111111001111110011111100111111001111110011111100111111001 
10100110111110011111100111111001111110011111100111111001111110011111100111111001 
00100110111110011111100111111001111110011111100111111001111110011111100111111001 
10100110111110011111100111111001111110011111100111111001111110011111100111111001 
00100010111110011111100111111001111110011111100111111001111110011111100111111001 
10100010111110011111100111111001111110011111100111111001111110011111100111111001 
11101110111110011111100111111001111110011111100111111001111110011111100111111001 
00000010111110011111100111111001111110011111100111111001111110011111100111111001 
00000010111110011111100111111001111110011111100111111001111110011111100111111001 
00111001111110011111100111111001111110011111100111111001111110011111100111111001 
00111001111110011111100111111001111110011111100111111001111110011111100111111001 
11000110111110011111100111111001111110011111100111111001111110011111100111111001 
01000010111110011111100111111001111110011111100111111001111110011111100111111001 
11000010111110011111100111111001111110011111100111111001111110011111100111111001 
11000110111110011111100111111001111110011111100111111001111110011111100111111001 
10100010111110011111100111111001111110011111100111111001111110011111100111111001 
11100010111110011111100111111001111110011111100111111001111110011111100111111001 
10100010111110011111100111111001111110011111100111111001111110011111100111111001 
11101001111110011111100111111001111110011111100111111001111110011111100111111001 
00000110111110011111100111111001111110011111100111111001111110011111100111111001 
01100110111110011111100111111001111110011111100111111001111110011111100111111001 
10100010111110011111100111111001111110011111100111111001111110011111100111111001 
11001110111110011111100111111001111110011111100111111001111110011111100111111001 
01100010111110011111100111111001111110011111100111111001111110011111100111111001 
00111001111110011111100111111001111110011111100111111001111110011111100111111001 
10100110111110011111100111111001111110011111100111111001111110011111100111111001 
01100110111110011111100111111001111110011111100111111001111110011111100111111001 
01000010111110011111100111111001111110011111100111111001111110011111100111111001 
01100010111110011111100111111001111110011111100111111001111110011111100111111001 
11111001111110011111100111111001111110011111100111111001111110011111100111111001 
00011001111110011111100111111001111110011111100111111001111110011111100111111001 
01101110111110011111100111111001111110011111100111111001111110011111100111111001 
11111001111110011111100111111001111110011111100111111001111110011111100111111001 
00000010111110011111100111111001111110011111100111111001111110011111100111111001 
00111001111110011111100111111001111110011111100111111001111110011111100111111001 
11000110111110011111100111111001111110011111100111111001111110011111100111111001 
11001001111110011111100111111001111110011111100111111001111110011111100111111001 
10011001111110011111100111111001111110011111100111111001111110011111100111111001 
11111001111110011111100111111001111110011111100111111001111110011111100111111001 
00000110111110011111100111111001111110011111100111111001111110011111100111111001 
11000110111110011111100111111001111110011111100111111001111110011111100111111001 
11100110111110011111100111111001111110011111100111111001111110011111100111111001 
00000010111110011111100111111001111110011111100111111001111110011111100111111001 
00101001111110011111100111111001111110011111100111111001111110011111100111111001 
00100010111110011111100111111001111110011111100111111001111110011111100111111001 
11101110111110011111100111111001111110011111100111111001111110011111100111111001 
00111001111110011111100111111001111110011111100111111001111110011111100111111001 
00101001111110011111100111111001111110011111100111111001111110011111100111111001 
01101110111110011111100111111001111110011111100111111001111110011111100111111001 
10100110111110011111100111111001111110011111100111111001111110011111100111111001 
01001110111110011111100111111001111110011111100111111001111110011111100111111001 
00100010111110011111100111111001111110011111100111111001111110011111100111111001 
00000010111110011111100111111001111110011111100111111001111110011111100111111001 
11100010111110011111100111111001111110011111100111111001111110011111100111111001 
11101001111110011111100111111001111110011111100111111001111110011111100111111001 
00101001111110011111100111111001111110011111100111111001111110011111100111111001 
01100010111110011111100111111001111110011111100111111001111110011111100111111001 
10100110111110011111100111111001111110011111100111111001111110011111100111111001 
00000110111110011111100111111001111110011111100111111001111110011111100111111001 
01000010111110011111100111111001111110011111100111111001111110011111100111111001 
11000110111110011111100111111001111110011111100111111001111110011111100111111001 
10011001111110011111100111111001111110011111100111111001111110011111100111111001 
11101001111110011111100111111001111110011111100111111001111110011111100111111001 
01100010111110011111100111111001111110011111100111111001111110011111100111111001 
01000110111110011111100111111001111110011111100111111001111110011111100111111001 
00101001111110011111100111111001111110011111100111111001111110011111100111111001 
11100110111110011111100111111001111110011111100111111001111110011111100111111001 
01100110111110011111100111111001111110011111100111111001111110011111100111111001 
11111001111110011111100111111001111110011111100111111001111110011111100111111001 
11100110111110011111100111111001111110011111100111111001111110011111100111111001 
10000110111110011111100111111001111110011111100111111001111110011111100111111001 
01100010111110011111100111111001111110011111100111111001111110011111100111111001 
01000010111110011111100111111001111110011111100111111001111110011111100111111001 
11001110111110011111100111111001111110011111100111111001111110011111100111111001 
00011001111110011111100111111001111110011111100111111001111110011111100111111001 
11100010111110011111100111111001111110011111100111111001111110011111100111111001 
01000110111110011111100111111001111110011111100111111001111110011111100111111001 
10011001111110011111100111111001111110011111100111111001111110011111100111111001 
01101110111110011111100111111001111110011111100111111001111110011111100111111001 
11001001111110011111100111111001111110011111100111111001111110011111100111111001 
10000010111110011111100111111001111110011111100111111001111110011111100111111001 
01101110111110011111100111111001111110011111100111111001111110011111100111111001 
00101001111110011111100111111001111110011111100111111001111110011111100111111001 
11101110111110011111100111111001111110011111100111111001111110011111100111111001 
10100110111110011111100111111001111110011111100111111001111110011111100111111001 
11100010111110011111100111111001111110011111100111111001111110011111100111111001 
11101001111110011111100111111001111110011111100111111001111110011111100111111001 
00011001111110011111100111111001111110011111100111111001111110011111100111111001 
11000110111110011111100111111001111110011111100111111001111110011111100111111001 
11100010111110011111100111111001111110011111100111111001111110011111100111111001 
01100110111110011111100111111001111110011111100111111001111110011111100111111001 
01001110111110011111100111111001111110011111100111111001111110011111100111111001 
11101110111110011111100111111001111110011111100111111001111110011111100111111001 
00011001111110011111100111111001111110011111100111111001111110011111100111111001 
01100010111110011111100111111001111110011111100111111001111110011111100111111001 
11100010111110011111100111111001111110011111100111111001111110011111100111111001 
00000110111110011111100111111001111110011111100111111001111110011111100111111001 
10000110111110011111100111111001111110011111100111111001111110011111100111111001 
01000010111110011111100111111001111110011111100111111001111110011111100111111001 
11000110111110011111100111111001111110011111100111111001111110011111100111111001 
01001110111110011111100111111001111110011111100111111001111110011111100111111001 
00000110111110011111100111111001111110011111100111111001111110011111100111111001 
10100110111110011111100111111001111110011111100111111001111110011111100111111001 
00101001111110011111100111111001111110011111100111111001111110011111100111111001 
01101110111110011111100111111001111110011111100111111001111110011111100111111001 
00000010111110011111100111111001111110011111100111111001111110011111100111111001 
00011001111110011111100111111001111110011111100111111001111110011111100111111001 
11111001111110011111100111111001111110011111100111111001111110011111100111111001 
11111001111110011111100111111001111110011111100111111001111110011111100111111001 
11101110111110011111100111111001111110011111100111111001111110011111100111111001 
10100010111110011111100111111001111110011111100111111001111110011111100111111001 
10000010111110011111100111111001111110011111100111111001111110011111100111111001 
00100110111110011111100111111001111110011111100111111001111110011111100111111001 
01001110111110011111100111111001111110011111100111111001111110011111100111111001 
01000010111110011111100111111001111110011111100111111001111110011111100111111001 
11000010111110011111100111111001111110011111100111111001111110011111100111111001 
10000110111110011111100111111001111110011111100111111001111110011111100111111001 
11111001111110011111100111111001111110011111100111111001111110011111100111111001 
11000110111110011111100111111001111110011111100111111001111110011111100111111001 
10011001111110011111100111111001111110011111100111111001111110011111100111111001 
01001110111110011111100111111001111110011111100111111001111110011111100111111001 
10100010111110011111100111111001111110011111100111111001111110011111100111111001 
11101110111110011111100111111001111110011111100111111001111110011111100111111001 
00101001111110011111100111111001111110011111100111111001111110011111100111111001 
11001110111110011111100111111001111110011111100111111001111110011111100111111001 
11100010111110011111100111111001111110011111100111111001111110011111100111111001 
10100110111110011111100111111001111110011111100111111001111110011111100111111001 
00000010111110011111100111111001111110011111100111111001111110011111100111111001 
11100010111110011111100111111001111110011111100111111001111110011111100111111001 
10000010111110011111100111111001111110011111100111111001111110011111100111111001 
01100110111110011111100111111001111110011111100111111001111110011111100111111001 
11111001111110011111100111111001111110011111100111111001111110011111100111111001 
10011001111110011111100111111001111110011111100111111001111110011111100111111001 
00011001111110011111100111111001111110011111100111111001111110011111100111111001 
10100010111110011111100111111001111110011111100111111001111110011111100111111001 
11000010111110011111100111111001111110011111100111111001111110011111100111111001 
11100110111110011111100111111001111110011111100111111001111110011111100111111001 
01000010111110011111100111111001111110011111100111111001111110011111100111111001 
00101001111110011111100111111001111110011111100111111001111110011111100111111001 
01100110111110011111100111111001111110011111100111111001111110011111100111111001 
01100010111110011111100111111001111110011111100111111001111110011111100111111001 
11100010111110011111100111111001111110011111100111111001111110011111100111111001 
11000110111110011111100111111001111110011111100111111001111110011111100111111001 
01000010111110011111100111111001111110011111100111111001111110011111100111111001 
11000110111110011111100111111001111110011111100111111001111110011111100111111001 
10000110111110011111100111111001111110011111100111111001111110011111100111111001 
11000110111110011111100111111001111110011111100111111001111110011111100111111001 
11100010111110011111100111111001111110011111100111111001111110011111100111111001 
11001001111110011111100111111001111110011111100111111001111110011111100111111001 
11000010111110011111100111111001111110011111100111111001111110011111100111111001 
01001110111110011111100111111001111110011111100111111001111110011111100111111001 
11100110111110011111100111111001111110011111100111111001111110011111100111111001 
10100110111110011111100111111001111110011111100111111001111110011111100111111001 
01101110111110011111100111111001111110011111100111111001111110011111100111111001 
11100010111110011111100111111001111110011111100111111001111110011111100111111001 
01001110111110011111100111111001111110011111100111111001111110011111100111111001 
00100010111110011111100111111001111110011111100111111001111110011111100111111001 
00101001111110011111100111111001111110011111100111111001111110011111100111111001 
11100110111110011111100111111001111110011111100111111001111110011111100111111001 
00100010111110011111100111111001111110011111100111111001111110011111100111111001 
10000110111110011111100111111001111110011111100111111001111110011111100111111001 
11101110111110011111100111111001111110011111100111111001111110011111100111111001 
00000010111110011111100111111001111110011111100111111001111110011111100111111001 
01001110111110011111100111111001111110011111100111111001111110011111100111111001 
00100110111110011111100111111001111110011111100111111001111110011111100111111001 
00000110111110011111100111111001111110011111100111111001111110011111100111111001 
10100110111110011111100111111001111110011111100111111001111110011111100111111001 
11100110111110011111100111111001111110011111100111111001111110011111100111111001 
11001001111110011111100111111001111110011111100111111001111110011111100111111001 
11000110111110011111100111111001111110011111100111111001111110011111100111111001 
11000110111110011111100111111001111110011111100111111001111110011111100111111001 
01100110111110011111100111111001111110011111100111111001111110011111100111111001 
01000110111110011111100111111001111110011111100111111001111110011111100111111001 
11101110111110011111100111111001111110011111100111111001111110011111100111111001 
01001110111110011111100111111001111110011111100111111001111110011111100111111001 
10000110111110011111100111111001111110011111100111111001111110011111100111111001 
11101110111110011111100111111001111110011111100111111001111110011111100111111001 
11001110111110011111100111111001111110011111100111111001111110011111100111111001 
10100010111110011111100111111001111110011111100111111001111110011111100111111001 
11100010111110011111100111111001111110011111100111111001111110011111100111111001 
11001001111110011111100111111001111110011111100111111001111110011111100111111001 
11000110111110011111100111111001111110011111100111111001111110011111100111111001 
11001001111110011111100111111001111110011111100111111001111110011111100111111001 
01100110111110011111100111111001111110011111100111111001111110011111100111111001 
11101001111110011111100111111001111110011111100111111001111110011111100111111001 
11111001111110011111100111111001111110011111100111111001111110011111100111111001 
10000110111110011111100111111001111110011111100111111001111110011111100111111001 
00000110111110011111100111111001111110011111100111111001111110011111100111111001 
01101110111110011111100111111001111110011111100111111001111110011111100111111001 
01001110111110011111100111111001111110011111100111111001111110011111100111111001 
10000010111110011111100111111001111110011111100111111001111110011111100111111001 
00100110111110011111100111111001111110011111100111111001111110011111100111111001 
01000010111110011111100111111001111110011111100111111001111110011111100111111001 
00100110111110011111100111111001111110011111100111111001111110011111100111111001 
11001001111110011111100111111001111110011111100111111001111110011111100111111001 
00101001111110011111100111111001111110011111100111111001111110011111100111111001 
10000010111110011111100111111001111110011111100111111001111110011111100111111001 
11000110111110011111100111111001111110011111100111111001111110011111100111111001 
00011001111110011111100111111001111110011111100111111001111110011111100111111001 
11001110111110011111100111111001111110011111100111111001111110011111100111111001 
01000110111110011111100111111001111110011111100111111001111110011111100111111001 
01100110111110011111100111111001111110011111100111111001111110011111100111111001 
11001110111110011111100111111001111110011111100111111001111110011111100111111001 
10100110111110011111100111111001111110011111100111111001111110011111100111111001 
10000010111110011111100111111001111110011111100111111001111110011111100111111001 
01000010111110011111100111111001111110011111100111111001111110011111100111111001 
00100010111110011111100111111001111110011111100111111001111110011111100111111001 
00100010111110011111100111111001111110011111100111111001111110011111100111111001 
11001001111110011111100111111001111110011111100111111001111110011111100111111001 
00000110111110011111100111111001111110011111100111111001111110011111100111111001 
11100110111110011111100111111001111110011111100111111001111110011111100111111001 
00011001111110011111100111111001111110011111100111111001111110011111100111111001 
11101001111110011111100111111001111110011111100111111001111110011111100111111001 
11100010111110011111100111111001111110011111100111111001111110011111100111111001 
11000010111110011111100111111001111110011111100111111001111110011111100111111001 
00011001111110011111100111111001111110011111100111111001111110011111100111111001 
11101110111110011111100111111001111110011111100111111001111110011111100111111001 
01000010111110011111100111111001111110011111100111111001111110011111100111111001 
00101001111110011111100111111001111110011111100111111001111110011111100111111001 
10100110111110011111100111111001111110011111100111111001111110011111100111111001 
00100010111110011111100111111001111110011111100111111001111110011111100111111001 
00000110111110011111100111111001111110011111100111111001111110011111100111111001 
10100110111110011111100111111001111110011111100111111001111110011111100111111001 
00000110111110011111100111111001111110011111100111111001111110011111100111111001 
10000010111110011111100111111001111110011111100111111001111110011111100111111001 
01101110111110011111100111111001111110011111100111111001111110011111100111111001 
11000010111110011111100111111001111110011111100111111001111110011111100111111001 
00100010111110011111100111111001111110011111100111111001111110011111100111111001 
01001110111110011111100111111001111110011111100111111001111110011111100111111001 
01101110111110011111100111111001111110011111100111111001111110011111100111111001 
11101110111110011111100111111001111110011111100111111001111110011111100111111001 
10100010111110011111100111111001111110011111100111111001111110011111100111111001 
11001001111110011111100111111001111110011111100111111001111110011111100111111001 
00100010111110011111100111111001111110011111100111111001111110011111100111111001 
11101110111110011111100111111001111110011111100111111001111110011111100111111001 
11000010111110011111100111111001111110011111100111111001111110011111100111111001 
11101110111110011111100111111001111110011111100111111001111110011111100111111001 
10100010111110011111100111111001111110011111100111111001111110011111100111111001 
11100010111110011111100111111001111110011111100111111001111110011111100111111001 
11101001111110011111100111111001111110011111100111111001111110011111100111111001 
11000010111110011111100111111001111110011111100111111001111110011111100111111001 
00011001111110011111100111111001111110011111100111111001111110011111100111111001 
01101110111110011111100111111001111110011111100111111001111110011111100111111001 
11100110111110011111100111111001111110011111100111111001111110011111100111111001 
00100010111110011111100111111001111110011111100111111001111110011111100111111001 
10000010111110011111100111111001111110011111100111111001111110011111100111111001 
11001001111110011111100111111001111110011111100111111001111110011111100111111001 
11001110111110011111100111111001111110011111100111111001111110011111100111111001 
01100110111110011111100111111001111110011111100111111001111110011111100111111001 
01000010111110011111100111111001111110011111100111111001111110011111100111111001 
10000110111110011111100111111001111110011111100111111001111110011111100111111001 
11111001111110011111100111111001111110011111100111111001111110011111100111111001 
11100110111110011111100111111001111110011111100111111001111110011111100111111001 
10100010111110011111100111111001111110011111100111111001111110011111100111111001 
00011001111110011111100111111001111110011111100111111001111110011111100111111001 
10100110111110011111100111111001111110011111100111111001111110011111100111111001 
00100110111110011111100111111001111110011111100111111001111110011111100111111001 
00011001111110011111100111111001111110011111100111111001111110011111100111111001 
11100010111110011111100111111001111110011111100111111001111110011111100111111001 
11001001111110011111100111111001111110011111100111111001111110011111100111111001 
11101001111110011111100111111001111110011111100111111001111110011111100111111001 
11101001111110011111100111111001111110011111100111111001111110011111100111111001 
11101001111110011111100111111001111110011111100111111001111110011111100111111001 
10000010111110011111100111111001111110011111100111111001111110011111100111111001 
11000010111110011111100111111001111110011111100111111001111110011111100111111001 
11101110111110011111100111111001111110011111100111111001111110011111100111111001 
11111001111110011111100111111001111110011111100111111001111110011111100111111001 
11001110111110011111100111111001111110011111100111111001111110011111100111111001 
00111001111110011111100111111001111110011111100111111001111110011111100111111001 
11001001111110011111100111111001111110011111100111111001111110011111100111111001 
01000010111110011111100111111001111110011111100111111001111110011111100111111001 
00101001111110011111100111111001111110011111100111111001111110011111100111111001 
11101110111110011111100111111001111110011111100111111001111110011111100111111001 
00100110111110011111100111111001111110011111100111111001111110011111100111111001 
01000110111110011111100111111001111110011111100111111001111110011111100111111001 
11000110111110011111100111111001111110011111100111111001111110011111100111111001 
10100110111110011111100111111001111110011111100111111001111110011111100111111001 
11001110111110011111100111111001111110011111100111111001111110011111100111111001 
00000010111110011111100111111001111110011111100111111001111110011111100111111001 
11101001111110011111100111111001111110011111100111111001111110011111100111111001 
11100010111110011111100111111001111110011111100111111001111110011111100111111001 
00111001111110011111100111111001111110011111100111111001111110011111100111111001 
01001110111110011111100111111001111110011111100111111001111110011111100111111001 
00100110111110011111100111111001111110011111100111111001111110011111100111111001 
11100010111110011111100111111001111110011111100111111001111110011111100111111001 
11111001111110011111100111111001111110011111100111111001111110011111100111111001 
01000110111110011111100111111001111110011111100111111001111110011111100111111001 
01001110111110011111100111111001111110011111100111111001111110011111100111111001 
11101001111110011111100111111001111110011111100111111001111110011111100111111001 
11100110111110011111100111111001111110011111100111111001111110011111100111111001 
01100010111110011111100111111001111110011111100111111001111110011111100111111001 
11100110111110011111100111111001111110011111100111111001111110011111100111111001 
01100110111110011111100111111001111110011111100111111001111110011111100111111001 
11000010111110011111100111111001111110011111100111111001111110011111100111111001 
00000010111110011111100111111001111110011111100111111001111110011111100111111001 
01101110111110011111100111111001111110011111100111111001111110011111100111111001 
11100010111110011111100111111001111110011111100111111001111110011111100111111001 
00100010111110011111100111111001111110011111100111111001111110011111100111111001 
10011001111110011111100111111001111110011111100111111001111110011111100111111001 
00101001111110011111100111111001111110011111100111111001111110011111100111111001 
10100010111110011111100111111001111110011111100111111001111110011111100111111001 
10000110111110011111100111111001111110011111100111111001111110011111100111111001 
00000010111110011111100111111001111110011111100111111001111110011111100111111001 
01100010111110011111100111111001111110011111100111111001111110011111100111111001 
01100010111110011111100111111001111110011111100111111001111110011111100111111001 
00000110111110011111100111111001111110011111100111111001111110011111100111111001 
01000010111110011111100111111001111110011111100111111001111110011111100111111001 
11101110111110011111100111111001111110011111100111111001111110011111100111111001 
00101001111110011111100111111001111110011111100111111001111110011111100111111001 
00100110111110011111100111111001111110011111100111111001111110011111100111111001 
11100110111110011111100111111001111110011111100111111001111110011111100111111001 
00000010111110011111100111111001111110011111100111111001111110011111100111111001 
00100110111110011111100111111001111110011111100111111001111110011111100111111001 
11100110111110011111100111111001111110011111100111111001111110011111100111111001 
10000010111110011111100111111001111110011111100111111001111110011111100111111001 
00101001111110011111100111111001111110011111100111111001111110011111100111111001 
11100010111110011111100111111001111110011111100111111001111110011111100111111001 
00100110111110011111100111111001111110011111100111111001111110011111100111111001 
01100110111110011111100111111001111110011111100111111001111110011111100111111001 
00000010111110011111100111111001111110011111100111111001111110011111100111111001 
00000010111110011111100111111001111110011111100111111001111110011111100111111001 
01101110111110011111100111111001111110011111100111111001111110011111100111111001 
00011001111110011111100111111001111110011111100111111001111110011111100111111001 
11000110111110011111100111111001111110011111100111111001111110011111100111111001 
11100110111110011111100111111001111110011111100111111001111110011111100111111001 
00101001111110011111100111111001111110011111100111111001111110011111100111111001 
11100110111110011111100111111001111110011111100111111001111110011111100111111001 
10000110111110011111100111111001111110011111100111111001111110011111100111111001 
01100010111110011111100111111001111110011111100111111001111110011111100111111001 
10000110111110011111100111111001111110011111100111111001111110011111100111111001 
01001110111110011111100111111001111110011111100111111001111110011111100111111001 
11100110111110011111100111111001111110011111100111111001111110011111100111111001 
00100110111110011111100111111001111110011111100111111001111110011111100111111001 
10100010111110011111100111111001111110011111100111111001111110011111100111111001 
10100110111110011111100111111001111110011111100111111001111110011111100111111001 
11000010111110011111100111111001111110011111100111111001111110011111100111111001 
11100110111110011111100111111001111110011111100111111001111110011111100111111001 
10100110111110011111100111111001111110011111100111111001111110011111100111111001 
00100010111110011111100111111001111110011111100111111001111110011111100111111001 
01100010111110011111100111111001111110011111100111111001111110011111100111111001 
11001110111110011111100111111001111110011111100111111001111110011111100111111001 
11000010111110011111100111111001111110011111100111111001111110011111100111111001 
11101001111110011111100111111001111110011111100111111001111110011111100111111001 
11000110111110011111100111111001111110011111100111111001111110011111100111111001 
10100110111110011111100111111001111110011111100111111001111110011111100111111001 
11111001111110011111100111111001111110011111100111111001111110011111100111111001 
00100010111110011111100111111001111110011111100111111001111110011111100111111001 
10011001111110011111100111111001111110011111100111111001111110011111100111111001 
10100010111110011111100111111001111110011111100111111001111110011111100111111001 
01100010111110011111100111111001111110011111100111111001111110011111100111111001 
10000110111110011111100111111001111110011111100111111001111110011111100111111001 
11001110111110011111100111111001111110011111100111111001111110011111100111111001 
01101110111110011111100111111001111110011111100111111001111110011111100111111001 
00100110111110011111100111111001111110011111100111111001111110011111100111111001 
00101001111110011111100111111001111110011111100111111001111110011111100111111001 
00111001111110011111100111111001111110011111100111111001111110011111100111111001 
11111001111110011111100111111001111110011111100111111001111110011111100111111001 
10100110111110011111100111111001111110011111100111111001111110011111100111111001 
10100010111110011111100111111001111110011111100111111001111110011111100111111001 
10000110111110011111100111111001111110011111100111111001111110011111100111111001 
10100010111110011111100111111001111110011111100111111001111110011111100111111001 
00000010111110011111100111111001111110011111100111111001111110011111100111111001 
11111001111110011111100111111001111110011111100111111001111110011111100111111001 
11001110111110011111100111111001111110011111100111111001111110011111100111111001 
11101110111110011111100111111001111110011111100111111001111110011111100111111001 
11100010111110011111100111111001111110011111100111111001111110011111100111111001 
11111001111110011111100111111001111110011111100111111001111110011111100111111001 
01100110111110011111100111111001111110011111100111111001111110011111100111111001 
01100010111110011111100111111001111110011111100111111001111110011111100111111001 
00101001111110011111100111111001111110011111100111111001111110011111100111111001 
11100010111110011111100111111001111110011111100111111001111110011111100111111001 
11100010111110011111100111111001111110011111100111111001111110011111100111111001 
01100010111110011111100111111001111110011111100111111001111110011111100111111001 
11001110111110011111100111111001111110011111100111111001111110011111100111111001 
11000010111110011111100111111001111110011111100111111001111110011111100111111001 
01100010111110011111100111111001111110011111100111111001111110011111100111111001 
01001110111110011111100111111001111110011111100111111001111110011111100111111001 
11001110111110011111100111111001111110011111100111111001111110011111100111111001 
10100110111110011111100111111001111110011111100111111001111110011111100111111001 
01100010111110011111100111111001111110011111100111111001111110011111100111111001 
11100110111110011111100111111001111110011111100111111001111110011111100111111001 
01100010111110011111100111111001111110011111100111111001111110011111100111111001 
00100010111110011111100111111001111110011111100111111001111110011111100111111001 
00111001111110011111100111111001111110011111100111111001111110011111100111111001 
11111001111110011111100111111001111110011111100111111001111110011111100111111001 
01001110111110011111100111111001111110011111100111111001111110011111100111111001 
01100110111110011111100111111001111110011111100111111001111110011111100111111001 
01000110111110011111100111111001111110011111100111111001111110011111100111111001 
11001001111110011111100111111001111110011111100111111001111110011111100111111001 
11000110111110011111100111111001111110011111100111111001111110011111100111111001 
11100010111110011111100111111001111110011111100111111001111110011111100111111001 
11101110111110011111100111111001111110011111100111111001111110011111100111111001 
11001001111110011111100111111001111110011111100111111001111110011111100111111001 
00101001111110011111100111111001111110011111100111111001111110011111100111111001 
10011001111110011111100111111001111110011111100111111001111110011111100111111001 
11001001111110011111100111111001111110011111100111111001111110011111100111111001 
10000010111110011111100111111001111110011111100111111001111110011111100111111001 
01100110111110011111100111111001111110011111100111111001111110011111100111111001 
10000010111110011111100111111001111110011111100111111001111110011111100111111001 
01101110111110011111100111111001111110011111100111111001111110011111100111111001 
11100010111110011111100111111001111110011111100111111001111110011111100111111001 
00100110111110011111100111111001111110011111100111111001111110011111100111111001 
11111001111110011111100111111001111110011111100111111001111110011111100111111001 
01000010111110011111100111111001111110011111100111111001111110011111100111111001 
10011001111110011111100111111001111110011111100111111001111110011111100111111001 
11100110111110011111100111111001111110011111100111111001111110011111100111111001 
11001110111110011111100111111001111110011111100111111001111110011111100111111001 
00011001111110011111100111111001111110011111100111111001111110011111100111111001 
11100110111110011111100111111001111110011111100111111001111110011111100111111001 
11100110111110011111100111111001111110011111100111111001111110011111100111111001 
10000110111110011111100111111001111110011111100111111001111110011111100111111001 
00000010111110011111100111111001111110011111100111111001111110011111100111111001 
01100110111110011111100111111001111110011111100111111001111110011111100111111001 
10100110111110011111100111111001111110011111100111111001111110011111100111111001 
11101001111110011111100111111001111110011111100111111001111110011111100111111001 
01101110111110011111100111111001111110011111100111111001111110011111100111111001 
11100110111110011111100111111001111110011111100111111001111110011111100111111001 
00111001111110011111100111111001111110011111100111111001111110011111100111111001 
11001110111110011111100111111001111110011111100111111001111110011111100111111001 
11111001111110011111100111111001111110011111100111111001111110011111100111111001 
11101001111110011111100111111001111110011111100111111001111110011111100111111001 
01100110111110011111100111111001111110011111100111111001111110011111100111111001 
11111001111110011111100111111001111110011111100111111001111110011111100111111001 
11001001111110011111100111111001111110011111100111111001111110011111100111111001 
10100110111110011111100111111001111110011111100111111001111110011111100111111001 
00011001111110011111100111111001111110011111100111111001111110011111100111111001 
11001110111110011111100111111001111110011111100111111001111110011111100111111001 
00100110111110011111100111111001111110011111100111111001111110011111100111111001 
00011001111110011111100111111001111110011111100111111001111110011111100111111001 
00101001111110011111100111111001111110011111100111111001111110011111100111111001 
01100010111110011111100111111001111110011111100111111001111110011111100111111001 
