00000111000001110010011100010011000001110010011111001111001001110000001110000110 
00000111000001110000011101010111000011111001011001010101010001111010011100100110 
00000101000010000000011100000011100001110010011101101111001011110000001110000110 
00000111100001110000111100010111010001111001010101011111000010000010011100100110 
00010111100001111000100000000011100000000010011111110111000000110000001100000110 
00000111000001110001100000000111000100000011111101011111000001111010011101000010 
00001111100001110000011100000011100001110010011111101111001001110000001111000110 
00000111000001110010011100010111010011110100100001101111100010001010011100100110 
00010111100001110100100000010011100001110010011110101111001001110000001111000110 
00000111000011110000111100000111010001111000111101111111100010001010011101101110 
00001000100001110000100010000011110001110010011111010110000000110000001111000110 
00000111000001111000111100000111110001110001011101101111010001111010011100000110 
00000111100001110010011100001011100010000010011111101111000001000000001110000110 
00000111000000000000001100010011000000001000011101100111100010001110001110100110 
00010111100001110100100000000011110001000010011111010000001001110000001111000110 
00000111000011110000111100010111010001111001011101111111010001111010011110000110 
00101000100011110100110010000011110001000010011101011000000001110000001101000110 
00000111000110000000111100000011100000000000100001101111110001111001010001000110 
