0000000000100000000000100000000000000000000000000000000000000000000000000000000000000000000000000000000000000000000000 
0000001000000000000101010000000000000000000000000000000000000000000000000000000000000000000000000000000000000000000000 
1111111111011111111100001000000000000000000000000000000000000000000000000000000000000000000000000000000000000000000000 
0000000000011111111111000100000000000000000000000000000000000000000000000000000000000000000000000000000000000000000000 
0000000001000000000010000010000000000000000000000000000000000000000000000000000000000000000000000000000000000000000000 
0000000000000000000000000001000000000000000000000000000000000000000000000000000000000000000000000000000000000000000000 
0000000000100000000001000000100000000000000000000000000000000000000000000000000000000000000000000000000000000000000000 
0000000001100000000010000000010000000000000000000000000000000000000000000000000000000000000000000000000000000000000000 
0000000100000000000101000000001000000000000000000000000000000000000000000000000000000000000000000000000000000000000000 
0000000000100000000001000000000100000000000000000000000000000000000000000000000000000000000000000000000000000000000000 
1111111111011111111110000000000010000000000000000000000000000000000000000000000000000000000000000000000000000000000000 
0000000001000000000001000000000001000000000000000000000000000000000000000000000000000000000000000000000000000000000000 
1111111111011111111011000000000000100000000000000000000000000000000000000000000000000000000000000000000000000000000000 
0000000010000000000010000000000000010000000000000000000000000000000000000000000000000000000000000000000000000000000000 
0000000000000000000000000000000000001000000000000000000000000000000000000000000000000000000000000000000000000000000000 
0000000011000000000100000000000000000100000000000000000000000000000000000000000000000000000000000000000000000000000000 
1111111110011111111011000000000000000010000000000000000000000000000000000000000000000000000000000000000000000000000000 
1111111110111111111100000000000000000001000000000000000000000000000000000000000000000000000000000000000000000000000000 
1111111110111111111101000000000000000000100000000000000000000000000000000000000000000000000000000000000000000000000000 
0000000000011111111110000000000000000000010000000000000000000000000000000000000000000000000000000000000000000000000000 
0000000000100000000001000000000000000000001000000000000000000000000000000000000000000000000000000000000000000000000000 
0000000000011111111111000000000000000000000100000000000000000000000000000000000000000000000000000000000000000000000000 
1111111111111111111110000000000000000000000010000000000000000000000000000000000000000000000000000000000000000000000000 
0000000101100000000010000000000000000000000001000000000000000000000000000000000000000000000000000000000000000000000000 
0000000100000000000110000000000000000000000000100000000000000000000000000000000000000000000000000000000000000000000000 
0000001000100000000100000000000000000000000000010000000000000000000000000000000000000000000000000000000000000000000000 
0000000000011111111111000000000000000000000000001000000000000000000000000000000000000000000000000000000000000000000000 
0000000000011111111111000000000000000000000000000100000000000000000000000000000000000000000000000000000000000000000000 
1111111111111111111110000000000000000000000000000010000000000000000000000000000000000000000000000000000000000000000000 
1111111111011111111001000000000000000000000000000001000000000000000000000000000000000000000000000000000000000000000000 
1111111111111111111110000000000000000000000000000000100000000000000000000000000000000000000000000000000000000000000000 
0000000010100000000000000000000000000000000000000000010000000000000000000000000000000000000000000000000000000000000000 
1111111111111111111111000000000000000000000000000000001000000000000000000000000000000000000000000000000000000000000000 
0000000001000000000001000000000000000000000000000000000100000000000000000000000000000000000000000000000000000000000000 
0000000000100000000000000000000000000000000000000000000010000000000000000000000000000000000000000000000000000000000000 
0000000000100000000000000000000000000000000000000000000001000000000000000000000000000000000000000000000000000000000000 
0000011111011111011000000000000000000000000000000000000000100000000000000000000000000000000000000000000000000000000000 
0000000010011111111010000000000000000000000000000000000000010000000000000000000000000000000000000000000000000000000000 
0000000000111111111111000000000000000000000000000000000000001000000000000000000000000000000000000000000000000000000000 
0000000000011111111010000000000000000000000000000000000000000100000000000000000000000000000000000000000000000000000000 
0000000000011111111111000000000000000000000000000000000000000010000000000000000000000000000000000000000000000000000000 
0000000000000000000000000000000000000000000000000000000000000001000000000000000000000000000000000000000000000000000000 
0000000000100000000001000000000000000000000000000000000000000000100000000000000000000000000000000000000000000000000000 
1111111111111111111110000000000000000000000000000000000000000000010000000000000000000000000000000000000000000000000000 
1111111111111111111111000000000000000000000000000000000000000000001000000000000000000000000000000000000000000000000000 
1111111111111111111110000000000000000000000000000000000000000000000100000000000000000000000000000000000000000000000000 
0000000010000000000100000000000000000000000000000000000000000000000010000000000000000000000000000000000000000000000000 
1111111110111111110011000000000000000000000000000000000000000000000001000000000000000000000000000000000000000000000000 
1111111111111111111111100000000000000000000000000000000000000000000000000000000000000000000000000000000000000000000000 
0000000000100000000001010000000000000000000000000000000000000000000000000000000000000000000000000000000000000000000000 
0000000010000000000011001000000000000000000000000000000000000000000000000000000000000000000000000000000000000000000000 
0000000001000000000001000100000000000000000000000000000000000000000000000000000000000000000000000000000000000000000000 
0000010110100000010001000010000000000000000000000000000000000000000000000000000000000000000000000000000000000000000000 
0000000001100000000011000001000000000000000000000000000000000000000000000000000000000000000000000000000000000000000000 
0000000000100000000000000000100000000000000000000000000000000000000000000000000000000000000000000000000000000000000000 
1111111111011111111110000000010000000000000000000000000000000000000000000000000000000000000000000000000000000000000000 
0000000000000000000000000000001000000000000000000000000000000000000000000000000000000000000000000000000000000000000000 
0000001100100000001000000000000100000000000000000000000000000000000000000000000000000000000000000000000000000000000000 
0000000001100000000011000000000010000000000000000000000000000000000000000000000000000000000000000000000000000000000000 
0000000000011111111111000000000001000000000000000000000000000000000000000000000000000000000000000000000000000000000000 
0000000000111111111110000000000000100000000000000000000000000000000000000000000000000000000000000000000000000000000000 
1111111111111111111111000000000000010000000000000000000000000000000000000000000000000000000000000000000000000000000000 
1111111111011111111101000000000000001000000000000000000000000000000000000000000000000000000000000000000000000000000000 
0000000000111111111111000000000000000100000000000000000000000000000000000000000000000000000000000000000000000000000000 
0000000001100000000010000000000000000010000000000000000000000000000000000000000000000000000000000000000000000000000000 
1111111111011111111100000000000000000001000000000000000000000000000000000000000000000000000000000000000000000000000000 
0000000001000000000001000000000000000000100000000000000000000000000000000000000000000000000000000000000000000000000000 
1111111111111111111111000000000000000000010000000000000000000000000000000000000000000000000000000000000000000000000000 
0000000001000000000001000000000000000000001000000000000000000000000000000000000000000000000000000000000000000000000000 
1111111111111111111110000000000000000000000100000000000000000000000000000000000000000000000000000000000000000000000000 
0000000001000000000010000000000000000000000010000000000000000000000000000000000000000000000000000000000000000000000000 
0000000001011111111101000000000000000000000001000000000000000000000000000000000000000000000000000000000000000000000000 
0000000001100000000011000000000000000000000000100000000000000000000000000000000000000000000000000000000000000000000000 
0000000010100000000100000000000000000000000000010000000000000000000000000000000000000000000000000000000000000000000000 
0000000000011111111111000000000000000000000000001000000000000000000000000000000000000000000000000000000000000000000000 
0000000000011111111111000000000000000000000000000100000000000000000000000000000000000000000000000000000000000000000000 
0000000000011111111111000000000000000000000000000010000000000000000000000000000000000000000000000000000000000000000000 
0000000000100000000001000000000000000000000000000001000000000000000000000000000000000000000000000000000000000000000000 
0000000001000000000001000000000000000000000000000000100000000000000000000000000000000000000000000000000000000000000000 
0000000001000000000010000000000000000000000000000000010000000000000000000000000000000000000000000000000000000000000000 
1111111111111111111110000000000000000000000000000000001000000000000000000000000000000000000000000000000000000000000000 
0000000001100000000010000000000000000000000000000000000100000000000000000000000000000000000000000000000000000000000000 
1111111110011111111000000000000000000000000000000000000010000000000000000000000000000000000000000000000000000000000000 
1111111111111111111111000000000000000000000000000000000001000000000000000000000000000000000000000000000000000000000000 
0000000000011111111110000000000000000000000000000000000000100000000000000000000000000000000000000000000000000000000000 
1111111111111111111111000000000000000000000000000000000000010000000000000000000000000000000000000000000000000000000000 
0000000001100000000010000000000000000000000000000000000000001000000000000000000000000000000000000000000000000000000000 
0000000000100000000000000000000000000000000000000000000000000100000000000000000000000000000000000000000000000000000000 
1111111111011111110111000000000000000000000000000000000000000010000000000000000000000000000000000000000000000000000000 
0000000000100000000000000000000000000000000000000000000000000001000000000000000000000000000000000000000000000000000000 
0000000000100000000001000000000000000000000000000000000000000000100000000000000000000000000000000000000000000000000000 
0000000000100000000001000000000000000000000000000000000000000000010000000000000000000000000000000000000000000000000000 
0000000000100000000001000000000000000000000000000000000000000000001000000000000000000000000000000000000000000000000000 
0000000001000000000001000000000000000000000000000000000000000000000100000000000000000000000000000000000000000000000000 
0000000000000000000000000000000000000000000000000000000000000000000010000000000000000000000000000000000000000000000000 
1111111111111111111110000000000000000000000000000000000000000000000001000000000000000000000000000000000000000000000000 
0000000001011111111111100000000000000000000000000000000000000000000000000000000000000000000000000000000000000000000000 
0000000001111111111111010000000000000000000000000000000000000000000000000000000000000000000000000000000000000000000000 
0000000000100000000000001000000000000000000000000000000000000000000000000000000000000000000000000000000000000000000000 
0000000001000000000010000100000000000000000000000000000000000000000000000000000000000000000000000000000000000000000000 
1111111111011111111110000010000000000000000000000000000000000000000000000000000000000000000000000000000000000000000000 
0000000000011111111110000001000000000000000000000000000000000000000000000000000000000000000000000000000000000000000000 
1111111111111111111110000000100000000000000000000000000000000000000000000000000000000000000000000000000000000000000000 
0000000001000000000001000000010000000000000000000000000000000000000000000000000000000000000000000000000000000000000000 
0000000001000000000001000000001000000000000000000000000000000000000000000000000000000000000000000000000000000000000000 
0000000000100000000001000000000100000000000000000000000000000000000000000000000000000000000000000000000000000000000000 
0000000010111111111101000000000010000000000000000000000000000000000000000000000000000000000000000000000000000000000000 
0000000000011111111111000000000001000000000000000000000000000000000000000000000000000000000000000000000000000000000000 
0000000000100000000000000000000000100000000000000000000000000000000000000000000000000000000000000000000000000000000000 
0000000000011111111110000000000000010000000000000000000000000000000000000000000000000000000000000000000000000000000000 
0000000010100000000011000000000000001000000000000000000000000000000000000000000000000000000000000000000000000000000000 
0000000001000000000000000000000000000100000000000000000000000000000000000000000000000000000000000000000000000000000000 
0000000010000000000011000000000000000010000000000000000000000000000000000000000000000000000000000000000000000000000000 
0000000000011111111110000000000000000001000000000000000000000000000000000000000000000000000000000000000000000000000000 
0000000000011111111111000000000000000000100000000000000000000000000000000000000000000000000000000000000000000000000000 
0000100110111111100001000000000000000000010000000000000000000000000000000000000000000000000000000000000000000000000000 
0000000001000000000010000000000000000000001000000000000000000000000000000000000000000000000000000000000000000000000000 
0000000000111111111111000000000000000000000100000000000000000000000000000000000000000000000000000000000000000000000000 
0000001001000000001011000000000000000000000010000000000000000000000000000000000000000000000000000000000000000000000000 
0000000000011111111111000000000000000000000001000000000000000000000000000000000000000000000000000000000000000000000000 
1111111011011111101110000000000000000000000000100000000000000000000000000000000000000000000000000000000000000000000000 
0000000001000000000001000000000000000000000000010000000000000000000000000000000000000000000000000000000000000000000000 
1111111111011111111110000000000000000000000000001000000000000000000000000000000000000000000000000000000000000000000000 
0000000010100000000010000000000000000000000000000100000000000000000000000000000000000000000000000000000000000000000000 
1111111110111111111101000000000000000000000000000010000000000000000000000000000000000000000000000000000000000000000000 
1111111110111111111100000000000000000000000000000001000000000000000000000000000000000000000000000000000000000000000000 
0000000000100000000000000000000000000000000000000000100000000000000000000000000000000000000000000000000000000000000000 
0000000000011111111111000000000000000000000000000000010000000000000000000000000000000000000000000000000000000000000000 
0000000000100000000000000000000000000000000000000000001000000000000000000000000000000000000000000000000000000000000000 
0000000001000000000001000000000000000000000000000000000100000000000000000000000000000000000000000000000000000000000000 
0000000001000000000001000000000000000000000000000000000010000000000000000000000000000000000000000000000000000000000000 
0000000000011111111110000000000000000000000000000000000001000000000000000000000000000000000000000000000000000000000000 
1111111111011111111101000000000000000000000000000000000000100000000000000000000000000000000000000000000000000000000000 
0000000010000000000010000000000000000000000000000000000000010000000000000000000000000000000000000000000000000000000000 
0000000010000000000001000000000000000000000000000000000000001000000000000000000000000000000000000000000000000000000000 
1111111111111111111110000000000000000000000000000000000000000100000000000000000000000000000000000000000000000000000000 
0000000000011111111110000000000000000000000000000000000000000010000000000000000000000000000000000000000000000000000000 
0000000001100000000010000000000000000000000000000000000000000001000000000000000000000000000000000000000000000000000000 
0000000000100000000000000000000000000000000000000000000000000000100000000000000000000000000000000000000000000000000000 
1111111111111111111110000000000000000000000000000000000000000000010000000000000000000000000000000000000000000000000000 
0000001011100000000010000000000000000000000000000000000000000000001000000000000000000000000000000000000000000000000000 
0000000000011111111111000000000000000000000000000000000000000000000100000000000000000000000000000000000000000000000000 
0000000001100000000010000000000000000000000000000000000000000000000010000000000000000000000000000000000000000000000000 
1111111111111111111111000000000000000000000000000000000000000000000001000000000000000000000000000000000000000000000000 
1111111111111111111101000000000000000000000000000000000000000000000000100000000000000000000000000000000000000000000000 
0000000000111111111111000000000000000000000000000000000000000000000000010000000000000000000000000000000000000000000000 
0000000000011111111110000000000000000000000000000000000000000000000000001000000000000000000000000000000000000000000000 
0000000000000000000000000000000000000000000000000000000000000000000000000100000000000000000000000000000000000000000000 
0000000000000000000000000000000000000000000000000000000000000000000000000010000000000000000000000000000000000000000000 
1111111111111111111010000000000000000000000000000000000000000000000000000001000000000000000000000000000000000000000000 
0000000000011111111111000000000000000000000000000000000000000000000000000000100000000000000000000000000000000000000000 
0000000001100000000010000000000000000000000000000000000000000000000000000000010000000000000000000000000000000000000000 
1111111110011111111011000000000000000000000000000000000000000000000000000000001000000000000000000000000000000000000000 
1111111111111111111111000000000000000000000000000000000000000000000000000000000100000000000000000000000000000000000000 
0000000001100000000010000000000000000000000000000000000000000000000000000000000010000000000000000000000000000000000000 
0000000000011111111111000000000000000000000000000000000000000000000000000000000001000000000000000000000000000000000000 
0000000000011111111111000000000000000000000000000000000000000000000000000000000000100000000000000000000000000000000000 
1111111111111111111100000000000000000000000000000000000000000000000000000000000000010000000000000000000000000000000000 
0000000001000000000010000000000000000000000000000000000000000000000000000000000000001000000000000000000000000000000000 
0000000001000000000001000000000000000000000000000000000000000000000000000000000000000100000000000000000000000000000000 
1111111111111111111110000000000000000000000000000000000000000000000000000000000000000010000000000000000000000000000000 
0000000000011111111111000000000000000000000000000000000000000000000000000000000000000001000000000000000000000000000000 
0000000000111111111111000000000000000000000000000000000000000000000000000000000000000000100000000000000000000000000000 
0000000011011111111100000000000000000000000000000000000000000000000000000000000000000000010000000000000000000000000000 
0000000000011111111111000000000000000000000000000000000000000000000000000000000000000000001000000000000000000000000000 
0000000000011111111101000000000000000000000000000000000000000000000000000000000000000000000100000000000000000000000000 
1111111111011111111101000000000000000000000000000000000000000000000000000000000000000000000010000000000000000000000000 
0000000001000000000001000000000000000000000000000000000000000000000000000000000000000000000001000000000000000000000000 
0000000000100000000001000000000000000000000000000000000000000000000000000000000000000000000000100000000000000000000000 
0000000011100000000001000000000000000000000000000000000000000000000000000000000000000000000000010000000000000000000000 
0000000011000000000100000000000000000000000000000000000000000000000000000000000000000000000000001000000000000000000000 
0000000000100000000000000000000000000000000000000000000000000000000000000000000000000000000000000100000000000000000000 
0000000000100000000001000000000000000000000000000000000000000000000000000000000000000000000000000010000000000000000000 
0000000000100000000000000000000000000000000000000000000000000000000000000000000000000000000000000001000000000000000000 
0000000001011111111000000000000000000000000000000000000000000000000000000000000000000000000000000000100000000000000000 
0000000010000000000011000000000000000000000000000000000000000000000000000000000000000000000000000000010000000000000000 
1111111111011111111110000000000000000000000000000000000000000000000000000000000000000000000000000000001000000000000000 
0000000001100000000001000000000000000000000000000000000000000000000000000000000000000000000000000000000100000000000000 
0000000000100000000000000000000000000000000000000000000000000000000000000000000000000000000000000000000010000000000000 
0000000001011111111110000000000000000000000000000000000000000000000000000000000000000000000000000000000001000000000000 
0000000001000000000010000000000000000000000000000000000000000000000000000000000000000000000000000000000000100000000000 
0000000010000000000010000000000000000000000000000000000000000000000000000000000000000000000000000000000000010000000000 
0000000000011111111101000000000000000000000000000000000000000000000000000000000000000000000000000000000000001000000000 
0000000000100000000000000000000000000000000000000000000000000000000000000000000000000000000000000000000000000100000000 
1111111111111111111111000000000000000000000000000000000000000000000000000000000000000000000000000000000000000010000000 
0000000000100000000001000000000000000000000000000000000000000000000000000000000000000000000000000000000000000001000000 
0000000110000000000001000000000000000000000000000000000000000000000000000000000000000000000000000000000000000000100000 
0000000000100000000001000000000000000000000000000000000000000000000000000000000000000000000000000000000000000000010000 
0000000001100000000000000000000000000000000000000000000000000000000000000000000000000000000000000000000000000000001000 
0000000000011111111111000000000000000000000000000000000000000000000000000000000000000000000000000000000000000000000100 
0000000010100000000011000000000000000000000000000000000000000000000000000000000000000000000000000000000000000000000010 
1111111111011111111101000000000000000000000000000000000000000000000000000000000000000000000000000000000000000000000001 
